/home/quang/Documents/mtcnn/data_set/face_detection/WIDERFACE/WIDER_train/WIDER_train/images/8--Election_Campain/8_Election_Campain_Election_Campaign_8_607.jpg 160 430 167 439 86 511 121 563 311 428 321 441 222 426 228 432 197 430 202 436 184 448 194 458 204 449 217 463 84 429 90 437 212 426 217 432 833 211 922 305 551 194 664 315 276 584 318 621 285 494 329 542 400 451 431 488 425 463 445 490 437 441 455 464 443 404 457 421 415 419 430 437 404 413 416 424 361 467 381 494 383 458 400 475 312 462 336 492 334 452 350 470 319 447 334 464 344 418 353 428 264 457 289 491 295 440 309 455 309 413 318 424 329 414 336 423 288 418 298 428 273 443 282 453 258 445 271 455 266 530 283 553 84 554 129 611 179 519 208 547 191 482 211 507 209 465 232 487 188 462 212 487 160 471 195 505 244 449 258 461 253 459 264 477 234 448 247 461 222 449 236 462 230 436 239 447 245 440 253 449 41 508 72 543 19 393 43 421 113 501 150 540 115 466 142 489 131 462 150 482 143 457 159 476 159 451 179 473 96 471 111 488 72 467 89 484 88 460 101 474 76 456 86 467 93 455 106 465 107 452 116 463 125 427 133 438 183 425 189 433
/home/quang/Documents/mtcnn/data_set/face_detection/WIDERFACE/WIDER_train/WIDER_train/images/8--Election_Campain/8_Election_Campain_Election_Campaign_8_239.jpg 250 146 360 296 436 140 520 288
/home/quang/Documents/mtcnn/data_set/face_detection/WIDERFACE/WIDER_train/WIDER_train/images/8--Election_Campain/8_Election_Campain_Election_Campaign_8_403.jpg 346 52 422 174
/home/quang/Documents/mtcnn/data_set/face_detection/WIDERFACE/WIDER_train/WIDER_train/images/8--Election_Campain/8_Election_Campain_Election_Campaign_8_215.jpg 530 180 658 402 38 4 180 154 750 2 858 104
/home/quang/Documents/mtcnn/data_set/face_detection/WIDERFACE/WIDER_train/WIDER_train/images/8--Election_Campain/8_Election_Campain_Election_Campaign_8_62.jpg 939 269 1017 358 704 236 790 341 593 253 647 316 504 328 530 387 404 236 449 284 342 376 390 434 173 276 268 389 240 195 258 216
/home/quang/Documents/mtcnn/data_set/face_detection/WIDERFACE/WIDER_train/WIDER_train/images/8--Election_Campain/8_Election_Campain_Election_Campaign_8_590.jpg 493 174 549 244 573 125 627 194 498 58 549 117 627 65 668 123 619 91 656 131 572 70 606 107 688 80 718 122 710 74 739 106 728 56 755 87 738 37 759 61 775 30 801 56 818 74 838 98 868 42 891 69 944 44 967 65 997 11 1024 43 2 291 118 436 206 118 309 261 485 216 559 309 286 73 363 190
/home/quang/Documents/mtcnn/data_set/face_detection/WIDERFACE/WIDER_train/WIDER_train/images/8--Election_Campain/8_Election_Campain_Election_Campaign_8_116.jpg 298 113 481 363
/home/quang/Documents/mtcnn/data_set/face_detection/WIDERFACE/WIDER_train/WIDER_train/images/8--Election_Campain/8_Election_Campain_Election_Campaign_8_455.jpg 498 72 594 220
/home/quang/Documents/mtcnn/data_set/face_detection/WIDERFACE/WIDER_train/WIDER_train/images/8--Election_Campain/8_Election_Campain_Election_Campaign_8_163.jpg 912 834 975 910 668 81 823 230 195 371 244 425
/home/quang/Documents/mtcnn/data_set/face_detection/WIDERFACE/WIDER_train/WIDER_train/images/8--Election_Campain/8_Election_Campain_Election_Campaign_8_235.jpg 940 357 972 399 897 354 911 385 917 310 944 333 949 290 967 312 873 324 890 341 856 314 871 331 957 420 1007 506 978 372 1005 417 1014 338 1024 360 838 409 863 436 775 373 809 427 817 324 833 342 694 378 744 433 812 312 822 328 732 299 743 311 692 323 704 344 731 284 738 293 777 280 785 291 718 295 727 306 722 285 729 294 783 351 814 390 653 305 662 317 798 298 803 311 618 291 624 302 509 309 525 326 554 297 567 311 535 299 549 316 488 289 506 304 459 320 481 344 428 307 441 330 388 331 415 356 443 338 456 348 407 270 416 283 426 387 458 422 237 371 268 403 154 367 174 410 362 307 388 336 343 271 355 284 202 276 212 290 229 284 244 302 203 263 212 275 145 281 163 307 178 285 196 307 390 255 396 263 403 253 411 262 249 239 256 248 256 238 261 244 352 254 358 263 234 260 240 273 576 308 589 329 278 304 285 321 472 368 502 407 0 336 25 408 430 273 438 283 891 126 901 138 159 85 171 100 148 67 159 85 418 252 423 258 351 268 361 281 218 257 226 266 887 344 908 369 694 261 698 267 608 278 615 286 688 274 695 282 651 292 658 300 656 284 663 292 673 277 681 286 674 262 681 271 670 271 677 279 634 265 640 273 496 273 503 283 414 257 418 264 424 258 430 266 376 265 386 277 418 276 429 289 345 258 351 265 510 266 518 276 544 262 551 272 582 288 587 297 301 221 314 244 203 179 210 192 118 317 130 346 553 268 557 273 911 618 1023 683
/home/quang/Documents/mtcnn/data_set/face_detection/WIDERFACE/WIDER_train/WIDER_train/images/8--Election_Campain/8_Election_Campain_Election_Campaign_8_537.jpg 200 51 670 602
/home/quang/Documents/mtcnn/data_set/face_detection/WIDERFACE/WIDER_train/WIDER_train/images/8--Election_Campain/8_Election_Campain_Election_Campaign_8_397.jpg 2 184 97 303 20 152 82 228 142 152 203 223 219 177 267 234 305 149 372 238 394 111 452 171 526 139 595 225 634 142 691 223 750 219 810 301 811 225 860 294 754 163 802 220 875 220 943 329 930 163 986 234 265 215 278 229 1003 214 1018 237
/home/quang/Documents/mtcnn/data_set/face_detection/WIDERFACE/WIDER_train/WIDER_train/images/8--Election_Campain/8_Election_Campain_Election_Campaign_8_384.jpg 382 172 698 546
/home/quang/Documents/mtcnn/data_set/face_detection/WIDERFACE/WIDER_train/WIDER_train/images/8--Election_Campain/8_Election_Campain_Election_Campaign_8_512.jpg 210 150 412 452
/home/quang/Documents/mtcnn/data_set/face_detection/WIDERFACE/WIDER_train/WIDER_train/images/8--Election_Campain/8_Election_Campain_Election_Campaign_8_592.jpg 304 218 440 420
/home/quang/Documents/mtcnn/data_set/face_detection/WIDERFACE/WIDER_train/WIDER_train/images/8--Election_Campain/8_Election_Campain_Election_Campaign_8_475.jpg 596 108 744 328
/home/quang/Documents/mtcnn/data_set/face_detection/WIDERFACE/WIDER_train/WIDER_train/images/8--Election_Campain/8_Election_Campain_Election_Campaign_8_284.jpg 169 216 224 299 566 644 593 668 579 561 597 570 585 528 601 539 599 315 617 333 613 251 632 265 547 280 552 286 574 288 578 295 962 449 985 470 930 322 943 335 789 238 803 265 596 217 602 225 897 626 919 636
/home/quang/Documents/mtcnn/data_set/face_detection/WIDERFACE/WIDER_train/WIDER_train/images/8--Election_Campain/8_Election_Campain_Election_Campaign_8_361.jpg 99 251 281 413 487 415 583 523 852 184 959 331 0 362 23 421 0 279 8 301 0 255 6 267 19 253 34 266 225 214 235 226 250 199 259 213 263 193 272 206 265 282 291 305 343 234 354 247 361 255 383 281 338 344 393 408 394 283 421 316 570 289 607 321 986 250 1016 279 970 172 991 193 996 173 1005 185 1000 166 1008 176
/home/quang/Documents/mtcnn/data_set/face_detection/WIDERFACE/WIDER_train/WIDER_train/images/8--Election_Campain/8_Election_Campain_Election_Campaign_8_31.jpg 119 410 240 567 355 412 459 527 593 442 691 557 548 244 682 437
/home/quang/Documents/mtcnn/data_set/face_detection/WIDERFACE/WIDER_train/WIDER_train/images/8--Election_Campain/8_Election_Campain_Election_Campaign_8_393.jpg 370 142 692 490
/home/quang/Documents/mtcnn/data_set/face_detection/WIDERFACE/WIDER_train/WIDER_train/images/8--Election_Campain/8_Election_Campain_Election_Campaign_8_402.jpg 919 500 971 565 7 460 21 498 72 467 102 512 152 484 177 544 239 453 266 495 335 471 365 515 337 436 361 474 371 453 401 493 427 428 447 458 434 455 471 503 564 482 599 529 511 462 541 507 546 441 575 471 683 445 720 501 722 434 744 465 778 451 806 491 813 443 848 490 802 420 825 449 846 431 872 464 896 440 919 471 983 455 1001 476 942 412 960 438 998 421 1015 447 935 448 969 497
/home/quang/Documents/mtcnn/data_set/face_detection/WIDERFACE/WIDER_train/WIDER_train/images/8--Election_Campain/8_Election_Campain_Election_Campaign_8_594.jpg 798 310 827 349 691 313 721 346 580 313 610 346 436 318 469 351 323 316 356 352 166 311 199 347 29 314 59 341 761 38 786 72 672 34 697 65 557 38 587 69 436 45 465 79 314 37 344 69 197 34 226 71 55 39 84 71
/home/quang/Documents/mtcnn/data_set/face_detection/WIDERFACE/WIDER_train/WIDER_train/images/8--Election_Campain/8_Election_Campain_Election_Campaign_8_82.jpg 237 68 548 713 488 204 840 787
/home/quang/Documents/mtcnn/data_set/face_detection/WIDERFACE/WIDER_train/WIDER_train/images/8--Election_Campain/8_Election_Campain_Election_Campaign_8_224.jpg 678 277 694 294 715 284 728 302 710 277 722 294 641 289 657 309 621 264 635 277 649 248 660 260 655 260 666 275 677 257 691 272 614 242 622 252 586 232 596 245 601 241 610 251 595 229 603 239 659 233 668 242 688 229 695 238 673 246 683 256 638 235 646 244 620 249 630 260 674 232 684 243 698 235 707 243 646 232 654 242 605 232 613 241 693 260 701 269 759 268 776 289 680 304 699 324 820 287 840 311 894 276 912 298 870 266 880 279 717 227 727 239 741 268 756 285 706 251 714 262 788 274 808 291 821 356 861 397 708 401 761 449 605 300 625 326 528 300 553 329 518 284 540 307 493 269 510 288 578 272 592 291 601 263 619 280 394 337 433 387 470 285 489 308 449 284 463 301 449 256 463 275 428 263 445 284 385 277 405 296 395 303 414 325 362 271 382 296 351 301 372 326 500 250 508 260 527 242 537 254 324 277 338 293 324 306 340 325 402 259 414 274 375 252 384 263 391 244 400 257 418 242 428 256 500 236 508 246 473 246 481 255 402 234 411 244 496 223 504 233 520 222 528 233 361 243 372 257 334 232 342 241 403 224 412 234 226 150 237 165 160 156 173 171 141 147 152 160 119 146 129 157 86 158 95 170 32 159 44 173 216 298 235 321 233 292 247 312 108 289 122 305 133 322 153 347 239 286 255 307 156 293 173 315 46 293 61 314 0 300 16 327 20 343 46 381 172 314 193 341 554 234 564 247 544 261 555 274 540 224 548 233 630 237 637 247 575 291 589 312 511 268 525 283 479 228 488 238 470 229 479 240 460 417 505 474 88 405 132 470 0 389 22 443 929 276 948 297 13 199 26 212 310 320 320 351 382 229 393 242 300 275 316 294 569 239 579 251 539 239 548 249 559 270 574 286 486 258 495 267 186 285 209 311 457 226 468 238 447 241 459 253 572 228 584 241 462 262 474 275 504 229 510 236 615 235 625 247 122 378 153 422 181 158 192 169 271 176 281 189
/home/quang/Documents/mtcnn/data_set/face_detection/WIDERFACE/WIDER_train/WIDER_train/images/8--Election_Campain/8_Election_Campain_Election_Campaign_8_94.jpg 1010 243 1024 268 966 230 989 262 917 274 929 288 930 326 960 366 988 332 1009 359 858 302 871 322 826 263 842 278 867 363 902 400 749 359 792 411 753 322 776 346 857 268 873 284 756 270 779 286 787 257 794 268 783 247 790 257 836 355 866 386 735 275 750 290 710 262 727 278 692 291 709 310 719 338 753 369 682 247 694 261 685 260 697 279 679 361 719 412 645 301 665 326 605 301 632 332 528 315 566 360 487 386 529 434 493 282 518 313 600 252 618 273 565 283 587 312 542 253 555 269 493 255 509 272 484 262 500 282 618 257 631 269 628 280 640 296 470 262 490 287 410 280 439 311 448 299 474 329 352 305 381 337 293 301 325 337 327 277 352 307 363 272 382 300 376 266 396 290 305 247 327 272 286 253 309 278 398 212 408 224 306 216 316 226 344 246 359 261 287 215 299 227 420 459 481 525 534 379 578 418 358 367 395 409 397 389 446 442 489 528 564 613 940 639 1024 768 868 478 921 537 654 532 670 580 170 533 267 630 210 394 233 440 244 321 281 364 25 377 79 424 89 355 114 399 74 299 108 343 168 307 203 350 248 270 269 296 271 276 297 305 225 262 248 284 99 262 128 292 165 239 187 263 73 230 88 246 51 235 68 252 133 232 145 245 17 248 40 272 280 235 295 251 228 224 238 235 243 224 254 237 723 224 734 236 694 215 704 227 719 246 731 260 643 207 649 219 669 226 679 241 603 207 611 217 588 246 597 258 631 209 640 219 453 234 464 245 572 248 582 259 440 199 448 208 500 231 508 241 376 229 388 242 372 250 385 264 509 253 522 269 427 213 434 223 357 221 366 232 411 225 421 237 96 227 106 239 144 280 175 313 179 213 190 225 216 227 230 242 430 244 442 261 4 283 44 329 23 219 34 229 243 239 255 253 852 111 862 124 136 214 147 224 300 155 310 168 260 225 271 237 263 211 272 221 76 217 84 226 169 229 181 243 526 248 537 262 682 295 696 313 433 278 453 302 337 210 350 225 521 236 536 256 952 358 969 384 0 173 10 189
/home/quang/Documents/mtcnn/data_set/face_detection/WIDERFACE/WIDER_train/WIDER_train/images/8--Election_Campain/8_Election_Campain_Election_Campaign_8_256.jpg 228 54 412 318 692 132 874 358
